01 02
01 02
01 02
01 02
01 02
01 02
01 02
01 03
01 03
01 03
01 03
01 03
01 04
01 04
01 04
01 04
01 04
01 04
01 04
01 05
01 05
01 05
01 05
01 06
01 06
01 06
01 06
01 06
01 06
01 06
01 06
01 06
01 06
01 07
01 07
01 07
01 07
01 07
01 07
01 07
01 07
01 07
01 07
01 08
01 08
01 09
01 09
01 09
01 09
01 09
01 10
01 10
01 10
01 11
01 11
01 11
01 11
01 11
01 11
01 11
01 12
01 12
01 12
01 12
01 12
01 13
01 13
01 13
01 13
01 13
01 13
01 13
01 13
01 13
01 13
01 13
03 01
03 02
03 03
03 03
03 03
03 03
03 03
03 03
03 03
03 03
03 03
03 03
03 03
03 03
03 03
03 03
03 03
03 03
03 03
03 03
03 03
03 03
03 04
03 04
03 04
03 04
03 04
03 04
03 04
03 04
03 04
03 04
03 04
03 04
03 04
03 04
05 01
05 01
05 01
05 01
05 05
05 12
05 14
05 15
05 16
05 16
05 20
06 01
06 01
06 01
06 02
06 02
06 02
06 03
06 03
06 03
06 04
06 04
06 04
06 05
06 05
06 06
06 06
06 07
06 07
06 07
06 10
06 11
06 11
06 12
06 13
06 13
06 13
06 13
06 13
06 13
07 01
07 02
07 03
07 03
07 04
07 04
07 05
07 05
07 06
07 06
07 07
07 09
07 09
08 01
08 01
08 02
08 02
08 03
08 03
08 04
08 04
08 06
08 06
08 08
08 08
08 09
08 09
08 10
104 02
104 02
104 02
104 03
104 03
104 03
104 05
104 05
104 05
104 08
104 09
104 10
104 11
104 11
104 12
104 12
104 13
104 16
104 16
104 17
104 17
104 19
104 19
104 19
104 20
104 20
104 21
104 21
104 22
104 22
104 22
104 22
104 22
104 22
104 22
104 22
104 22
104 23
104 23
104 23
104 23
104 23
104 23
104 23
104 23
104 23
104 24
104 24
104 24
104 24
104 24
104 24
104 24
104 24
104 24
104 25
104 25
104 25
104 25
104 25
104 25
104 25
104 25
104 25
104 25
104 25
104 25
104 25
104 27
104 27
104 27
104 27
104 27
104 27
104 27
104 27
104 27
104 27
104 27
104 27
104 27
104 30
104 30
104 30
104 30
104 30
104 30
104 31
104 31
104 31
104 31
104 31
104 31
104 31
104 31
104 32
104 32
104 32
104 32
104 32
104 32
104 33
104 33
104 33
104 33
104 33
104 33
104 33
104 34
104 34
104 34
104 35
104 35
104 35
104 36
104 36
104 36
104 36
104 36
104 36
104 36
104 36
104 36
104 36
104 38
104 38
104 38
104 38
104 38
104 38
104 38
104 38
104 38
104 38
104 39
104 39
104 39
104 39
104 39
104 39
104 39
104 39
104 39
104 39
104 39
104 39
104 39
104 40
104 40
104 40
104 40
104 40
104 40
104 40
104 40
104 40
104 40
104 40
104 40
104 41
104 42
104 42
104 42
104 42
104 42
104 42
104 42
104 42
104 42
104 42
104 43
104 43
104 43
104 43
104 43
104 43
104 43
104 43
104 43
104 43
104 44
104 44
104 44
104 45
104 45
104 45
104 45
104 45
104 45
104 45
104 45
104 45
104 45
104 46
104 46
104 46
104 46
104 46
104 46
104 46
104 46
104 46
104 46
104 46
104 47
104 47
104 49
104 49
104 49
104 49
104 49
104 49
104 49
104 49
104 49
104 49
104 50
104 50
104 50
104 50
104 50
104 50
104 50
104 50
104 52
104 52
104 52
104 52
104 55
104 56
104 57
106 04
106 08
106 09
106 11
106 19
106 19
106 19
106 19
106 19
106 19
106 19
106 19
106 19
106 19
106 19
106 19
106 22
106 22
106 23
106 24
106 24
106 25
106 25
106 25
106 25
106 26
106 27
106 27
106 28
106 29
106 29
106 29
106 29
106 29
106 29
106 29
106 29
106 30
106 30
106 30
106 30
106 30
106 30
106 30
106 31
106 31
107 01
107 01
107 02
107 02
107 02
107 03
107 03
107 03
107 04
107 04
107 04
107 05
107 05
107 05
107 06
107 06
107 06
107 07
107 07
107 08
107 08
107 09
107 09
107 10
107 11
107 12
107 13
107 14
107 14
108 01
108 01
108 02
108 03
108 03
108 04
108 05
108 06
108 06
108 07
108 07
108 08
108 09
108 10
108 10
108 11
108 11
108 14
108 21
108 21
108 22
108 23
111 13
111 13
111 13
111 13
111 13
111 14
111 14
111 14
111 14
111 14
111 23
111 23
111 23
111 23
111 23
111 23
111 24
111 24
111 24
111 24
111 24
111 24
111 29
111 30
111 34
111 34
111 34
111 34
111 34
111 34
111 34
111 34
111 34
111 35
111 35
111 35
111 35
111 35
111 35
111 35
111 36
111 36
111 36
111 36
113 01
113 01
113 01
113 05
113 05
113 05
113 05
113 05
113 05
113 05
113 05
113 06
113 06
113 06
113 06
113 06
113 06
113 06
113 06
113 06
113 06
113 07
113 07
113 09
113 09
113 09
113 09
113 09
113 10
113 10
113 10
113 10
113 10
113 13
113 13
113 19
113 19
113 20
113 20
113 20
113 20
113 20
113 22
113 22
113 22
113 22
113 25
113 25
113 25
113 26
113 26
113 26
113 26
113 26
113 26
114 07
114 07
114 07
114 08
114 08
114 08
114 09
114 09
114 09
114 09
114 09
114 13
114 13
114 13
114 13
114 13
114 13
114 13
114 13
114 14
114 14
114 14
114 14
114 14
114 15
120 01
120 01
120 01
120 05
120 05
120 05
120 05
120 06
120 06
120 08
120 08
120 08
120 09
120 10
120 10
120 10
120 11
120 11
12 01
120 11
120 12
120 12
120 12
12 01
12 01
120 13
120 14
120 15
120 15
120 16
120 17
120 17
120 17
120 18
120 19
120 19
120 19
120 19
120 19
120 19
120 19
120 19
120 19
120 19
120 19
120 19
120 19
120 19
120 19
120 19
120 19
120 19
120 19
120 19
120 19
120 19
120 19
120 19
120 19
120 19
120 19
120 19
120 19
120 19
120 19
120 19
120 19
120 19
120 20
120 20
120 20
120 20
120 20
120 20
120 20
120 20
120 20
120 20
120 20
120 20
120 20
120 20
120 20
120 20
120 20
120 20
120 20
120 20
120 20
120 20
120 20
120 20
120 20
120 20
120 20
120 20
120 21
12 02
12 02
120 22
120 22
120 22
120 22
120 22
12 02
12 02
12 03
12 03
12 03
131 01
131 04
131 04
131 06
131 06
131 06
131 10
131 11
131 11
131 12
131 12
131 13
132 01
132 01
132 02
132 02
132 02
132 04
132 04
132 04
132 05
132 05
132 06
132 06
132 07
132 07
132 08
132 08
132 08
132 09
132 09
132 09
132 10
132 10
132 11
132 12
132 13
132 13
132 13
132 13
132 13
132 13
132 13
132 13
132 13
132 13
132 13
132 13
132 13
132 13
132 13
132 13
132 13
132 13
132 13
132 13
132 13
132 13
132 13
132 13
132 14
132 14
132 14
132 14
132 14
132 14
132 14
132 14
132 14
132 14
132 14
132 14
132 14
132 14
132 14
132 14
132 15
132 15
132 15
132 15
132 15
132 15
132 15
132 15
132 15
132 15
132 15
132 15
132 15
132 15
132 15
132 15
132 15
132 15
132 16
132 16
132 16
132 16
132 16
132 16
132 16
132 16
132 16
132 16
132 16
132 16
132 16
132 16
132 16
132 16
132 16
132 16
132 16
132 16
132 16
132 16
132 16
132 16
132 18
132 18
132 20
132 21
132 22
132 22
132 23
132 24
132 24
132 24
132 25
132 29
132 29
132 30
132 30
132 31
132 31
132 32
132 33
132 34
132 35
132 35
132 35
132 36
132 36
132 36
132 36
132 36
132 36
132 36
132 36
132 36
132 36
132 36
132 36
132 36
132 36
132 36
132 37
132 37
132 37
132 37
132 37
132 37
132 37
132 37
132 37
132 37
132 37
132 37
132 37
132 37
132 37
132 37
132 37
132 37
132 39
132 39
132 39
132 39
132 39
132 39
132 39
132 39
132 39
132 39
132 39
132 39
132 39
132 39
132 39
132 39
132 39
132 39
132 40
132 40
132 40
132 41
132 41
132 41
132 41
132 41
132 41
132 41
132 41
132 41
132 41
132 41
132 41
132 41
132 41
132 41
132 41
132 41
132 41
132 42
132 42
132 43
132 43
132 44
132 44
132 44
132 44
132 44
132 44
132 44
132 44
132 44
132 44
132 44
132 44
132 44
132 44
132 45
132 45
132 45
132 46
132 46
132 46
132 47
132 47
132 47
132 48
132 48
132 48
132 49
132 49
132 49
132 50
132 50
132 50
132 53
132 53
132 53
132 53
132 53
132 53
132 53
132 53
132 53
132 53
132 53
132 53
132 53
132 53
132 53
132 53
132 53
132 53
132 54
132 54
132 54
132 54
132 54
132 54
132 54
132 54
132 54
132 54
132 54
132 54
132 54
132 54
132 54
132 54
132 54
132 54
132 56
132 56
132 56
133 01
133 01
133 04
133 05
133 07
133 07
133 10
133 11
133 12
133 12
133 12
133 13
133 14
133 15
133 15
133 16
133 18
133 20
133 20
133 21
133 21
133 22
133 22
133 23
133 24
135 01
135 01
135 01
135 02
135 02
135 02
135 02
135 02
135 02
135 02
135 03
135 05
135 05
135 06
135 06
135 10
135 10
135 10
135 10
136 01
136 01
136 01
136 01
136 02
136 02
136 02
136 02
136 03
136 03
136 03
136 03
136 03
136 04
136 04
136 04
136 04
136 04
136 05
136 05
136 05
136 05
136 06
136 06
136 06
136 06
136 07
136 07
136 07
136 07
136 07
136 08
136 08
136 08
136 08
136 08
136 09
136 09
136 09
136 09
136 09
136 10
136 10
136 10
136 10
136 10
136 10
136 11
136 11
136 11
136 11
136 11
136 11
136 12
136 12
136 12
136 12
136 12
136 13
136 13
136 13
136 13
136 13
136 14
136 14
136 14
136 14
136 14
136 15
136 15
136 15
136 15
136 15
136 16
136 16
136 16
136 16
136 16
136 16
136 17
136 18
136 18
136 20
136 20
136 20
136 20
136 21
136 21
136 21
136 22
136 22
136 22
136 23
136 23
136 23
136 23
136 24
136 24
136 24
136 24
136 25
136 25
136 25
136 25
136 25
136 25
136 26
136 26
136 26
136 26
136 26
136 27
136 27
136 27
136 27
136 27
136 28
136 28
136 28
136 28
136 28
136 29
136 29
136 29
136 29
136 29
136 30
136 30
136 30
136 30
136 30
137 01
137 01
137 02
137 03
137 03
137 03
137 03
137 04
137 04
137 04
137 04
137 04
137 04
137 05
137 05
137 06
137 08
137 08
137 08
137 08
137 08
137 09
137 09
137 10
137 10
137 11
137 11
137 11
137 12
137 12
137 12
137 12
137 12
137 12
137 12
137 13
137 13
137 14
137 16
137 16
137 16
137 16
137 16
137 16
137 17
137 17
137 17
137 18
137 18
137 20
137 20
137 20
137 20
137 20
137 20
137 20
137 20
137 21
137 21
137 21
137 22
137 22
137 24
137 24
137 24
137 24
137 24
137 24
137 24
137 26
137 26
137 27
137 27
137 29
137 29
137 29
137 29
137 29
137 29
137 35
137 35
137 35
137 36
137 36
137 38
137 38
137 38
137 38
137 38
137 38
137 38
137 39
137 39
137 39
137 40
137 40
137 42
137 42
137 42
137 42
137 42
137 42
137 42
138 01
138 01
138 01
138 01
138 02
138 02
138 02
138 03
138 03
138 03
138 04
138 04
138 04
138 05
138 05
138 05
138 06
138 06
138 07
138 07
138 08
138 08
138 09
138 09
138 09
138 10
138 10
138 10
138 11
138 11
138 11
138 12
138 12
138 13
138 13
138 13
138 14
138 14
138 14
138 15
138 15
138 15
138 16
138 16
138 16
138 17
138 17
138 17
138 18
138 18
138 19
138 19
138 19
138 20
138 20
138 21
138 21
138 22
138 22
138 23
138 23
138 23
138 24
138 24
138 24
138 25
138 26
138 26
138 26
138 27
138 27
138 27
138 28
138 28
138 28
138 29
138 29
138 29
138 29
138 30
138 30
138 30
138 30
138 31
138 31
138 31
138 32
138 32
138 32
138 32
138 33
138 33
138 33
138 33
138 34
138 34
138 34
138 35
138 35
138 35
138 35
138 36
138 36
138 36
138 36
138 37
138 37
138 37
138 38
138 38
138 38
138 38
138 39
138 39
138 39
138 40
138 40
138 40
138 40
138 41
138 41
138 41
138 41
138 42
138 42
138 42
138 43
138 43
138 43
138 44
138 44
138 44
138 44
138 45
138 45
138 45
138 45
138 47
138 47
138 47
138 47
138 48
138 49
138 49
138 49
138 49
138 50
138 50
138 50
138 50
138 51
138 51
138 51
138 51
138 52
138 52
138 52
138 52
138 53
138 53
138 53
138 53
138 54
138 54
138 54
138 54
138 55
138 55
14 01
14 02
14 02
14 02
14 03
14 03
14 03
14 03
142 01
142 01
142 01
142 01
142 01
142 01
142 01
142 01
142 01
142 02
142 02
142 02
142 03
142 03
142 04
142 04
142 04
142 04
142 04
142 04
142 04
142 04
142 04
142 04
142 04
142 04
142 04
142 05
142 05
142 05
142 05
142 05
142 05
142 05
142 05
142 05
142 05
142 05
142 05
142 05
142 05
142 05
142 05
142 05
142 05
142 05
142 06
142 06
142 08
142 08
142 08
142 08
142 08
142 08
142 08
142 08
142 08
142 09
142 09
142 09
142 09
142 09
142 09
142 09
142 10
142 10
142 10
142 10
142 10
142 10
142 10
142 10
142 10
142 10
142 10
142 10
142 10
142 10
142 10
142 10
142 11
142 11
142 11
142 11
142 11
142 11
142 11
142 11
142 11
142 11
142 11
142 11
142 11
142 11
142 11
142 11
142 11
142 13
142 13
142 13
142 13
142 13
142 13
142 13
142 13
142 13
142 13
142 13
142 13
142 13
142 13
142 13
142 13
142 14
142 14
142 14
142 14
142 14
142 14
142 14
142 14
142 14
142 14
142 14
142 15
142 15
142 15
142 15
142 15
142 15
142 15
142 15
142 15
142 15
142 15
142 15
142 15
142 15
142 15
142 15
142 15
142 15
142 16
142 16
142 16
142 17
142 17
142 17
142 17
142 17
142 17
142 17
142 17
142 17
142 17
142 17
142 17
142 17
142 18
142 18
142 18
142 18
142 18
142 18
142 18
142 18
142 18
142 18
142 18
142 18
142 18
142 18
142 18
142 18
142 18
142 19
142 19
142 19
142 19
142 19
142 19
142 19
142 19
142 19
142 19
142 19
142 20
142 21
142 21
142 21
142 22
142 22
142 22
142 22
142 22
142 22
142 22
142 22
142 22
142 22
142 22
14 25
143 10
143 11
14 31
143 12
143 12
143 13
143 14
143 14
143 15
143 15
143 17
143 22
143 24
143 24
143 29
143 29
143 29
143 29
143 29
143 29
143 32
143 32
143 32
143 32
143 32
143 38
143 38
143 38
143 38
143 38
143 38
143 38
143 38
143 38
143 38
143 38
143 38
143 38
143 38
143 39
143 39
143 39
143 39
143 39
143 39
143 39
15 01
15 01
15 01
15 01
15 01
15 01
15 01
15 01
15 01
15 01
15 01
15 01
15 01
15 01
15 01
15 01
15 01
15 01
15 01
15 01
15 01
15 01
15 01
15 01
15 02
15 02
15 02
15 02
15 02
15 02
15 02
15 02
15 02
15 02
15 02
15 02
15 02
15 02
15 02
15 02
15 02
15 02
15 02
15 02
15 02
15 02
15 02
15 02
15 02
15 02
15 02
15 02
15 02
15 02
15 02
15 02
15 02
15 02
15 02
15 02
15 02
15 02
15 02
15 02
15 02
15 03
15 03
15 03
15 03
15 03
15 03
15 03
15 03
15 03
15 03
15 03
15 03
15 03
15 03
15 03
15 03
15 03
15 03
15 03
15 03
15 03
15 03
15 03
15 03
15 03
15 03
15 03
15 03
15 03
15 03
15 03
15 03
15 03
15 03
15 03
15 03
15 03
15 03
15 03
15 03
15 03
15 03
15 03
15 03
15 03
15 03
15 03
15 09
15 09
15 09
15 09
15 09
15 09
15 09
15 09
15 09
15 09
15 09
15 09
15 09
15 09
15 09
15 09
15 09
15 09
15 09
15 09
15 09
15 09
15 09
15 09
15 09
15 09
15 09
15 09
15 10
15 10
15 10
15 10
15 10
15 14
15 14
15 14
15 14
15 14
15 14
15 14
15 14
15 14
15 14
15 14
15 14
15 14
15 14
15 14
15 14
15 14
15 14
15 14
15 14
15 14
15 14
15 14
15 14
15 14
15 14
15 14
15 14
15 14
15 14
15 14
15 14
15 14
15 14
15 14
16 11
16 11
16 11
16 12
16 12
16 13
16 13
16 14
16 14
16 14
16 15
16 15
16 15
16 16
16 16
16 16
16 17
16 17
16 17
16 18
16 18
16 18
16 18
16 19
16 19
16 20
16 20
16 20
16 21
16 21
16 22
16 23
16 23
16 24
16 24
16 25
16 25
16 26
16 26
16 27
16 28
16 29
16 30
16 31
16 31
16 32
16 32
16 33
16 34
16 35
16 36
16 37
16 38
16 39
16 40
16 41
16 43
16 44
16 44
16 47
16 47
16 54
16 55
16 56
16 57
16 58
16 58
17 01
17 01
17 01
17 01
17 01
17 01
17 01
17 01
17 01
17 01
17 01
17 01
17 01
17 01
17 01
17 02
17 02
17 02
17 02
17 02
17 02
17 02
17 02
17 02
17 02
17 02
17 02
17 02
17 02
17 03
17 03
17 03
17 03
17 03
17 03
17 03
17 03
17 03
17 03
17 03
17 03
17 04
17 04
17 04
17 04
17 04
17 04
17 04
17 04
17 05
17 05
17 05
17 05
17 05
17 05
17 05
17 05
17 05
17 05
17 05
17 06
17 06
17 06
17 06
17 06
17 06
17 06
17 06
17 06
17 06
17 06
17 06
17 06
17 06
17 06
17 06
17 06
17 06
17 07
17 07
17 07
17 07
17 07
17 07
17 07
17 07
17 07
17 07
17 07
17 07
17 07
17 07
17 07
17 07
17 07
17 07
17 07
17 08
17 08
17 08
17 08
17 08
17 08
17 08
17 08
17 08
17 08
17 08
17 08
17 08
17 09
17 09
17 09
17 09
17 09
17 09
17 09
17 09
17 09
17 09
17 10
17 10
17 10
17 10
17 10
18 07
18 09
18 10
18 17
18 18
18 19
18 20
18 23
18 25
18 26
18 27
19 02
19 07
19 09
19 12
19 17
19 18
19 18
19 19
19 20
19 23
19 24
19 24
19 24
19 26
19 27
19 28
19 28
19 28
35 01
35 01
35 02
35 02
35 03
35 03
35 04
35 04
35 04
35 05
35 05
35 06
35 06
35 06
35 07
35 07
35 08
35 08
35 08
35 09
35 09
35 10
35 10
35 11
35 11
35 12
35 12
35 13
35 13
35 13
35 14
35 14
35 14
35 15
35 15
35 15
35 16
35 16
35 16
35 27
35 27
35 27
35 28
35 28
35 28
35 29
35 29
35 30
35 30
35 31
35 31
35 32
35 32
35 33
35 33
35 34
35 34
36 01
36 01
36 02
36 02
36 02
36 03
36 03
36 03
36 03
36 04
36 04
36 04
36 05
36 05
36 05
36 06
36 06
36 06
36 07
36 07
36 07
36 07
36 08
36 08
36 08
36 09
36 09
36 09
36 09
36 10
36 10
36 11
36 11
36 11
36 11
36 11
36 12
36 12
36 12
36 12
36 12
36 13
36 13
36 13
36 13
36 13
36 13
36 14
36 14
36 14
36 14
36 15
36 15
36 15
36 16
36 16
36 16
36 16
36 16
36 17
36 18
36 18
36 18
36 19
36 19
36 19
36 19
36 20
36 21
36 21
36 21
36 21
36 22
36 22
36 24
36 24
36 24
36 25
36 25
36 26
36 26
36 26
36 26
36 26
36 26
36 27
36 27
36 27
36 27
36 27
36 27
36 28
36 28
36 28
36 28
36 28
36 29
36 29
36 29
36 29
36 29
36 30
36 30
36 30
36 30
36 30
36 31
36 31
36 31
36 31
36 32
36 32
36 32
36 32
36 32
36 32
36 33
36 33
36 33
36 33
36 34
36 35
36 35
36 35
36 36
36 37
38 01
38 01
38 02
38 02
38 03
38 03
38 03
38 03
38 03
38 04
38 04
38 04
38 04
38 04
38 04
38 04
38 04
38 04
38 04
38 04
38 04
38 04
38 04
38 04
38 04
38 04
38 04
38 04
38 04
38 04
38 04
38 04
38 04
38 04
38 04
38 04
38 04
38 04
38 04
38 04
38 04
38 04
38 04
38 04
38 04
38 04
38 04
38 04
38 04
38 04
38 04
38 04
38 04
38 04
38 04
38 04
38 04
38 04
38 04
38 04
38 04
39 01
39 01
39 02
39 02
39 03
39 03
39 04
39 04
39 05
39 05
39 06
39 06
39 07
39 07
39 08
39 08
39 09
39 09
39 10
39 10
39 10
39 11
39 11
39 11
39 12
39 12
39 13
39 13
39 14
39 14
40 02
40 02
40 02
40 02
40 02
40 02
40 02
40 02
40 02
40 02
40 02
40 02
40 02
40 02
40 02
40 03
40 03
40 03
40 03
40 03
40 03
40 03
40 03
40 03
40 03
40 03
40 03
40 03
40 03
40 03
40 03
40 03
40 03
40 03
40 03
40 03
40 03
40 03
40 04
40 04
40 04
40 04
40 04
40 04
40 04
40 04
40 04
40 04
40 04
40 04
40 04
40 04
40 04
40 04
40 04
40 04
40 04
40 04
40 04
40 04
40 04
40 04
40 04
40 05
40 05
40 05
40 05
40 05
40 05
40 05
40 05
40 05
40 05
40 05
40 05
40 05
40 05
40 05
40 05
40 05
40 05
40 05
40 05
40 05
40 05
40 05
40 05
40 05
40 06
40 06
40 06
40 06
40 07
40 07
40 07
40 07
40 07
40 08
40 09
40 10
40 11
40 11
40 11
40 11
41 02
41 02
41 02
41 02
41 02
41 02
41 03
41 03
41 03
41 03
41 03
41 03
41 03
41 03
41 04
41 04
41 04
41 04
41 04
41 04
41 04
41 04
41 04
41 04
41 04
41 04
41 04
41 04
41 04
41 05
41 05
41 05
41 05
41 05
41 05
41 05
41 05
41 05
41 05
41 05
41 05
41 05
41 06
41 06
41 06
41 06
41 06
41 06
41 06
41 06
41 06
41 06
41 06
41 06
41 06
41 06
41 08
41 09
41 09
41 09
54 06
54 07
54 07
54 08
54 08
54 08
54 08
54 08
54 08
54 08
54 08
54 08
54 08
54 08
54 08
54 08
54 08
54 08
54 10
54 10
54 10
54 10
54 13
54 13
54 17
54 17
54 19
54 20
54 20
54 20
54 20
54 20
54 20
54 20
54 20
54 20
54 20
54 20
54 20
54 20
54 20
54 20
54 20
54 20
54 20
54 20
54 21
54 21
54 21
54 21
54 21
54 21
54 21
54 21
54 21
54 21
54 21
54 21
54 21
54 21
54 21
54 21
54 21
54 21
54 21
54 21
54 21
54 21
54 21
54 22
54 22
54 22
54 22
54 22
54 22
54 22
54 22
54 24
54 25
54 26
54 26
55 03
55 04
55 04
55 09
55 11
55 14
55 14
55 15
55 15
55 15
55 15
55 15
55 15
55 15
55 15
55 15
55 22
55 22
55 22
55 22
55 22
55 22
55 22
55 25
56 01
56 01
56 01
56 01
56 01
56 01
56 01
56 01
56 03
56 03
56 03
56 03
56 04
56 04
56 04
56 04
56 04
56 04
56 04
56 05
56 05
56 05
56 05
56 05
56 05
56 05
56 05
56 05
56 05
56 05
56 05
56 06
56 06
56 06
56 06
56 06
56 06
56 06
56 06
56 06
56 07
56 07
56 07
56 07
56 07
56 07
56 07
56 07
56 07
56 07
56 07
56 07
56 07
56 07
56 07
56 07
56 07
56 07
56 07
56 07
56 07
56 07
56 07
56 07
56 07
56 07
56 07
56 07
56 07
56 07
56 07
56 08
56 08
56 08
56 08
56 08
56 08
56 08
56 08
56 08
56 08
56 08
56 08
60 04
60 04
60 06
60 06
60 06
60 06
60 07
60 09
60 12
60 15
60 15
61 01
61 02
61 02
61 03
61 04
61 05
61 06
61 06
61 06
61 07
61 11
61 12
61 12
61 14
61 14
61 14
61 15
61 15
69 01
69 02
69 03
69 04
69 05
69 06
69 06
69 06
69 06
69 06
69 06
69 06
69 06
69 06
69 06
69 06
69 06
69 06
69 06
69 06
69 06
69 06
69 06
69 06
69 06
69 06
69 06
69 06
69 06
69 06
69 06
69 07
69 07
69 07
69 07
69 07
69 07
69 07
69 07
69 07
69 07
69 07
69 07
69 07
69 07
69 07
69 07
69 07
69 07
69 07
69 07
69 07
69 07
69 07
69 07
69 07
69 07
69 07
69 07
69 07
69 08
69 08
69 08
69 08
69 08
69 08
69 08
69 08
69 08
69 08
69 08
69 08
69 08
69 08
69 08
69 08
69 08
69 08
69 08
69 08
69 08
69 08
69 08
69 08
69 08
69 08
69 08
69 08
69 08
69 09
69 09
69 09
69 09
69 09
69 09
69 09
69 09
69 09
69 09
69 09
69 09
69 09
69 09
69 09
69 09
69 09
69 09
69 09
69 09
69 09
69 09
69 09
69 09
69 09
69 09
69 09
69 09
69 10
69 10
69 10
69 10
69 10
69 10
69 10
69 10
69 10
69 10
69 10
69 10
69 10
69 10
69 10
69 10
69 10
69 10
69 10
69 10
69 10
69 10
69 10
69 10
69 10
69 10
69 11
69 11
69 11
69 11
69 11
69 11
69 11
69 11
69 11
69 11
69 11
69 11
69 11
69 11
69 11
69 11
69 11
69 11
69 11
69 12
69 12
69 12
69 12
69 12
69 12
69 12
69 12
69 12
69 12
69 12
69 12
69 12
69 12
69 12
69 12
69 12
69 12
69 12
69 12
69 13
69 13
69 13
69 13
69 13
69 13
69 13
69 13
69 13
69 13
69 13
69 13
69 13
69 13
69 13
69 13
69 13
69 13
69 14
69 14
69 14
69 14
69 14
69 14
69 14
69 14
69 14
69 14
69 14
69 14
69 14
69 14
69 14
69 14
69 14
69 14
69 15
69 15
69 15
69 15
69 15
69 15
69 15
69 15
69 15
69 15
69 15
69 15
69 15
69 15
69 15
69 15
69 20
69 20
69 20
69 21
69 21
69 21
69 22
69 22
69 22
69 23
69 23
69 23
69 24
69 24
69 25
69 25
69 26
69 26
69 27
69 27
69 28
69 28
69 28
69 29
69 29
69 30
69 30
69 31
69 31
69 32
69 32
69 33
69 33
69 34
69 35
69 35
69 35
69 36
69 36
69 36
69 36
69 37
69 37
69 37
69 37
69 37
69 37
69 37
69 37
69 38
69 38
69 38
69 38
69 38
69 38
69 38
69 38
69 38
69 38
69 38
69 38
69 38
69 39
69 39
69 39
69 39
69 39
69 39
69 39
69 39
69 39
69 39
69 40
69 40
69 40
69 40
69 40
69 40
69 40
69 40
69 40
69 41
69 41
69 41
69 41
69 41
69 41
69 41
69 41
69 41
69 41
69 41
69 41
69 50
69 50
69 50
69 51
69 51
69 51
69 52
69 52
69 52
69 53
69 53
69 54
69 54
69 54
69 55
69 55
69 55
69 68
69 69
69 69
69 70
69 70
69 71
69 71
69 72
69 72
69 73
69 73
69 74
69 74
69 75
69 75
70 01
70 01
70 02
70 02
70 05
70 05
70 06
70 06
70 08
70 08
70 09
70 09
70 10
70 10
70 11
70 11
70 12
70 12
70 12
70 13
74 02
74 04
74 14
74 14
74 15
74 15
74 16
74 16
74 17
74 17
74 18
74 18
74 19
74 19
74 20
74 20
74 20
77 04
77 13
77 28
77 28
77 28
77 28
77 28
77 28
77 28
77 28
77 28
77 28
77 28
77 28
77 28
77 28
77 28
77 28
77 29
77 29
77 29
77 29
77 29
77 29
77 29
77 30
77 30
77 30
77 30
77 30
77 30
77 30
77 30
77 31
77 31
77 31
77 31
77 31
77 31
77 31
77 31
77 31
77 31
77 31
77 32
77 33
77 33
77 33
77 34
81 01
81 01
81 01
81 02
81 02
81 02
81 03
81 03
81 04
81 04
81 05
81 06
81 07
81 09
81 09
81 11
81 12
81 14
81 17
81 17
81 18
81 18
82 02
82 03
82 06
82 07
82 07
82 08
82 08
82 08
82 09
82 09
82 09
82 10
82 10
82 11
82 11
82 11
82 12
82 12
82 12
82 13
82 13
82 13
82 14
82 14
82 14
82 15
82 15
82 15
83 22
83 27
83 28
83 29
83 29
83 30
83 30
83 31
83 32
83 34
83 35
83 36
83 36
83 37
83 37
83 38
83 38
83 38
83 39
83 39
83 39
85 02
85 03
85 04
85 04
85 11
85 11
85 11
85 11
85 12
85 12
85 12
85 12
85 12
85 13
85 14
85 14
86 01
86 01
86 01
86 01
86 01
86 01
86 02
86 02
86 02
86 02
86 02
86 02
86 02
86 02
86 02
86 02
86 02
86 02
86 02
86 02
86 02
86 02
86 02
86 02
86 02
86 02
86 03
86 03
86 03
86 03
86 03
86 03
86 03
86 03
86 03
86 03
86 03
86 03
86 03
86 03
86 03
86 03
86 03
86 03
86 03
86 03
86 03
86 03
86 04
86 04
86 04
86 04
86 04
86 04
86 04
86 04
86 04
86 04
86 04
86 04
86 04
86 05
86 05
86 05
86 05
86 05
86 05
86 05
86 05
86 05
86 06
86 06
86 06
86 06
86 06
86 06
86 06
86 06
86 06
86 06
86 06
86 06
86 06
86 06
86 06
86 06
86 07
86 07
86 07
86 07
86 07
86 07
86 07
86 07
86 07
86 07
86 07
86 07
86 07
86 07
86 07
86 07
86 07
86 07
86 07
86 07
86 07
86 08
86 08
86 08
86 08
86 08
86 08
86 08
86 08
86 08
86 08
86 08
86 08
86 08
86 08
86 08
86 08
86 09
86 09
86 09
86 09
86 09
86 09
86 09
86 09
86 10
86 10
86 10
86 10
86 10
86 10
86 10
86 10
86 10
86 10
86 10
86 10
86 10
86 10
86 10
86 10
86 10
86 10
86 10
86 10
86 10
86 10
86 10
86 10
86 10
86 10
86 10
86 10
86 10
86 10
86 11
86 11
86 11
86 11
86 11
86 11
86 11
86 11
86 11
86 12
86 12
86 12
86 12
86 12
86 12
86 12
86 12
86 12
86 13
86 13
86 13
86 13
86 13
86 13
86 13
86 13
86 13
86 13
86 14
86 14
86 14
86 14
86 14
86 14
86 14
86 14
86 14
86 14
86 14
86 14
86 14
86 14
86 14
86 14
86 14
86 14
86 14
86 14
86 15
86 15
86 15
86 15
86 15
86 15
86 15
86 15
89 03
89 04
89 04
89 05
89 05
89 05
89 05
89 05
89 06
89 06
90 22
90 22
90 22
90 23
90 23
90 23
90 24
90 28
90 28
90 30
90 32
90 32
91 01
91 01
91 01
91 01
91 01
91 01
91 01
91 01
91 01
91 01
91 01
91 01
91 02
91 02
91 02
91 02
91 02
91 02
91 02
91 03
91 03
91 03
91 03
91 03
91 03
91 03
91 03
91 03
91 03
91 03
91 04
91 04
91 04
91 04
91 04
91 04
91 04
91 04
91 04
91 04
91 04
91 04
91 04
91 05
91 05
91 05
91 05
91 05
91 05
91 05
91 07
91 07
91 07
91 07
91 07
91 07
91 07
91 07
91 07
91 07
91 07
91 08
91 08
91 08
91 08
91 08
91 08
91 08
91 08
91 08
91 08
91 08
91 08
91 10
91 10
91 10
91 10
91 10
91 10
91 10
91 10
91 11
91 11
91 11
91 11
91 11
91 11
91 12
91 12
91 12
91 12
91 12
91 12
91 13
91 13
91 13
91 13
91 13
91 13
91 13
91 13
91 14
91 14
91 14
91 14
91 14
91 14
91 14
91 14
91 15
91 16
91 16
91 16
91 16
91 16
91 16
91 16
91 16
91 17
91 17
91 17
91 17
91 17
91 17
91 17
91 17
91 18
91 18
91 18
91 18
91 18
91 18
91 19
91 19
91 19
91 19
91 19
91 19
91 19
91 19
91 20
91 20
91 20
91 20
91 20
91 20
91 21
91 21
91 21
91 21
91 21
91 21
91 21
91 21
91 21
91 22
91 22
91 22
91 22
91 22
91 22
91 22
91 22
91 23
91 23
91 23
91 23
91 23
91 23
91 23
91 24
91 24
91 24
91 24
91 26
91 26
91 26
91 26
91 26
91 26
91 26
91 26
91 27
91 27
91 27
91 27
91 27
91 27
91 27
91 27
91 28
91 28
91 28
91 28
91 28
91 28
91 28
91 28
91 29
91 29
91 29
91 29
91 29
91 29
91 29
91 31
91 31
91 31
91 31
91 31
91 31
91 31
91 32
91 32
91 32
91 32
91 32
91 32
91 32
91 33
91 33
91 33
91 33
91 33
91 33
91 33
91 33
91 34
91 34
91 34
91 34
91 34
91 34
91 34
91 34
91 35
91 35
91 35
91 35
91 35
91 35
91 36
91 36
91 36
91 36
91 57
91 57
91 57
91 57
91 62
91 62
91 62
91 62
91 62
91 62
91 62
91 62
91 62
91 62
91 62
94 01
94 01
94 02
94 03
94 03
94 03
94 03
94 05
94 05
94 06
94 10
94 10
94 11
94 11
94 11
94 11
94 11
94 11
94 12
94 12
94 12
94 14
94 15
94 15
94 15
